-2.35619449615
0.0174532923847
272
1.0950000286102295
1.0959999561309814
1.1009999513626099
1.1130000352859497
1.1059999465942383
1.1269999742507935
1.13100004196167
1.1339999437332153
1.1460000276565552
1.1549999713897705
1.1610000133514404
1.1670000553131104
1.1829999685287476
1.1779999732971191
1.2039999961853027
1.2079999446868896
1.1959999799728394
1.2389999628067017
1.246000051498413
1.2580000162124634
1.2400000095367432
1.2799999713897705
1.2920000553131104
1.309000015258789
1.3229999542236328
1.3370000123977661
1.3539999723434448
1.3760000467300415
1.3960000276565552
1.4149999618530273
1.4199999570846558
1.4299999475479126
1.4709999561309814
1.4900000095367432
1.5219999551773071
1.5540000200271606
1.5540000200271606
1.5540000200271606
1.6399999856948853
1.6469999551773071
1.690000057220459
1.7230000495910645
1.7719999551773071
1.8420000076293945
1.8910000324249268
1.9229999780654907
1.9859999418258667
2.0460000038146973
2.0739998817443848
2.1480000019073486
2.2149999141693115
2.190000057220459
2.1459999084472656
2.1389999389648438
2.109999895095825
2.117000102996826
2.1019999980926514
2.053999900817871
2.065000057220459
2.0510001182556152
2.0309998989105225
1.9989999532699585
1.9839999675750732
1.9500000476837158
1.9800000190734863
1.9450000524520874
1.9420000314712524
1.930999994277954
1.9259999990463257
1.899999976158142
1.8890000581741333
1.8730000257492065
1.8739999532699585
1.8930000066757202
1.8630000352859497
1.8289999961853027
1.8609999418258667
0.0
0.0
0.0
0.0
0.0
0.0
0.0
0.0
0.0
0.0
0.0
0.0
0.0
0.0
0.0
0.0
0.0
0.0
0.0
0.0
0.0
0.0
0.0
0.0
0.0
0.0
0.0
0.0
0.0
0.0
0.0
0.0
0.0
0.0
0.0
0.0
0.0
0.0
0.0
0.0
0.0
0.0
0.0
0.0
0.0
0.0
0.0
0.0
0.0
0.0
0.0
0.0
0.0
0.0
0.0
0.0
0.0
0.0
0.0
0.0
3.4079999923706055
0.0
0.0
3.263000011444092
0.0
3.184999942779541
3.184999942779541
0.0
3.190000057220459
3.240999937057495
0.0
0.0
0.0
0.0
0.0
0.0
0.0
0.0
0.0
3.9809999465942383
3.9609999656677246
3.940000057220459
3.9189999103546143
3.8940000534057617
3.880000114440918
3.865000009536743
3.8489999771118164
3.8399999141693115
3.8299999237060547
3.8239998817443848
3.809000015258789
3.799999952316284
3.7890000343322754
3.7780001163482666
3.7820000648498535
3.7769999504089355
3.7750000953674316
3.7790000438690186
3.7720000743865967
3.7690000534057617
3.7709999084472656
3.7809998989105225
3.7809998989105225
3.7850000858306885
3.7960000038146973
3.808000087738037
3.805999994277954
3.813999891281128
3.8269999027252197
3.8410000801086426
3.4240000247955322
3.0280001163482666
3.000999927520752
2.984999895095825
2.990999937057495
3.0
0.0
3.243000030517578
3.0829999446868896
3.0929999351501465
3.0929999351501465
3.131999969482422
0.0
0.0
0.0
0.0
0.0
0.0
3.318000078201294
3.2820000648498535
3.171999931335449
3.0880000591278076
3.003000020980835
2.937999963760376
2.8310000896453857
2.805000066757202
2.7309999465942383
2.6760001182556152
2.61899995803833
2.556999921798706
2.509000062942505
2.4619998931884766
2.4159998893737793
2.371999979019165
2.3299999237060547
2.2869999408721924
2.2149999141693115
2.0480000972747803
2.0239999294281006
1.9290000200271606
1.9129999876022339
1.8799999952316284
1.8619999885559082
1.8489999771118164
1.8140000104904175
1.805999994277954
1.784999966621399
1.7419999837875366
1.7580000162124634
1.8519999980926514
1.850000023841858
1.8370000123977661
1.8200000524520874
1.805999994277954
1.7910000085830688
1.781000018119812
1.8250000476837158
1.6829999685287476
1.7079999446868896
1.6490000486373901
1.6649999618530273
1.6360000371932983
1.621999979019165
1.621999979019165
1.6150000095367432
1.5850000381469727
1.5089999437332153
1.4490000009536743
1.4479999542236328
1.4420000314712524
1.4179999828338623
1.3980000019073486
1.375
1.3830000162124634
1.371999979019165
1.3569999933242798
1.3380000591278076
1.312000036239624
1.315999984741211
1.305999994277954
1.2890000343322754
1.2910000085830688
1.277999997138977
1.2489999532699585
99.0
92.0
83.0
87.0
85.0
83.0
90.0
91.0
80.0
92.0
82.0
75.0
76.0
73.0
72.0
76.0
71.0
69.0
70.0
68.0
67.0
62.0
70.0
76.0
68.0
61.0
59.0
65.0
56.0
60.0
58.0
57.0
55.0
50.0
57.0
47.0
47.0
47.0
29.0
36.0
29.0
21.0
39.0
33.0
19.0
25.0
15.0
21.0
13.0
17.0
21.0
18.0
28.0
32.0
25.0
34.0
22.0
30.0
34.0
33.0
29.0
30.0
30.0
37.0
41.0
31.0
40.0
45.0
36.0
35.0
49.0
41.0
48.0
40.0
46.0
42.0
39.0
0.0
0.0
0.0
0.0
0.0
0.0
0.0
0.0
0.0
0.0
0.0
0.0
0.0
0.0
0.0
0.0
0.0
0.0
0.0
0.0
0.0
0.0
0.0
0.0
0.0
0.0
0.0
0.0
0.0
0.0
0.0
0.0
0.0
0.0
0.0
0.0
0.0
0.0
0.0
0.0
0.0
0.0
0.0
0.0
0.0
0.0
0.0
0.0
0.0
0.0
0.0
0.0
0.0
0.0
0.0
0.0
0.0
0.0
0.0
0.0
0.0
0.0
0.0
32.0
0.0
4.0
4.0
0.0
0.0
2.0
0.0
0.0
0.0
0.0
0.0
0.0
0.0
0.0
0.0
82.0
78.0
85.0
86.0
82.0
88.0
87.0
90.0
93.0
91.0
90.0
95.0
89.0
92.0
86.0
90.0
92.0
94.0
98.0
88.0
97.0
88.0
83.0
86.0
95.0
89.0
92.0
88.0
85.0
90.0
86.0
22.0
61.0
64.0
19.0
29.0
53.0
0.0
14.0
42.0
31.0
31.0
58.0
0.0
0.0
0.0
0.0
0.0
0.0
3.0
40.0
47.0
57.0
52.0
58.0
86.0
80.0
82.0
86.0
86.0
86.0
87.0
96.0
92.0
104.0
95.0
103.0
101.0
18.0
16.0
20.0
19.0
19.0
19.0
19.0
22.0
25.0
22.0
25.0
19.0
95.0
131.0
124.0
131.0
119.0
133.0
103.0
60.0
20.0
18.0
25.0
32.0
37.0
32.0
32.0
39.0
51.0
54.0
56.0
62.0
62.0
63.0
60.0
67.0
66.0
67.0
67.0
70.0
72.0
74.0
70.0
77.0
79.0
83.0
68.0


